
Rainbow-Tools/axe1.jpg,0.353759884834,0.0216587614268,0.029320538044,0.0472295470536,0.0297801941633,0.0278372652829,0.0843243822455,0.0494089089334,0.101816430688,0.0172799360007,0.0308299902827,0.0127240400761,0.0379210487008,0.0231222715229,0.00291307037696,0.0216145515442,0.0346723273396,0.0476406551898,0.016069246456,0.0100769000128,

Rainbow-Tools/axe2.jpg,0.869783997536,0.00374059262685,0.00254440959543,0.00468675419688,0.00205147382803,0.00165268627461,0.0399190485477,0.00834489054978,0.00574459135532,0.00131479883566,0.00198329915293,0.00194943626411,0.00411035958678,0.00246918923222,0.00218501663767,0.00723869120702,0.00436317082494,0.00491131609306,0.0304549634457,0.000551367935259,

Rainbow-Tools/axe3.jpg,0.121126510203,0.0118908910081,0.00521603133529,0.361975252628,0.00888136029243,0.0261564683169,0.0244211461395,0.124444097281,0.017219716683,0.0285395756364,0.00469130184501,0.00853164494038,0.00850051827729,0.00528043089435,0.00529471877962,0.0328087620437,0.0975863859057,0.0983770862222,0.00421531777829,0.0048427823931,

Rainbow-Tools/axe4.jpg,0.627024829388,0.0296020787209,0.00316647603177,0.0219805184752,0.011650971137,0.0186247769743,0.0301482155919,0.0571462213993,0.0161211267114,0.0131829539314,0.00723082059994,0.00538155157119,0.0130680100992,0.00748325372115,0.00535722076893,0.0699332356453,0.0151456976309,0.0257168058306,0.0186409112066,0.00339428661391,

Rainbow-Tools/axe5.jpg,0.282749027014,0.0325112827122,0.00192259415053,0.172833755612,0.00641477433965,0.0638042390347,0.0600480288267,0.15680617094,0.0306337904185,0.00825496483594,0.0419710762799,0.00402137869969,0.0130836237222,0.00505221169442,0.0114452978596,0.0355390571058,0.0208197943866,0.0200469400734,0.0282857585698,0.00375620042905,

Rainbow-Tools/flash1.jpg,0.0752998068929,0.0104221766815,0.00980907771736,0.0650703310966,0.00949020311236,0.0367753691971,0.0476149879396,0.297746807337,0.013277859427,0.0131665552035,0.038853880018,0.00369207537733,0.0172983054072,0.0482640713453,0.120201714337,0.0170852951705,0.0633654817939,0.0219652522355,0.0857712849975,0.00482947472483,

Rainbow-Tools/flash2.jpg,0.00397459696978,0.00214236206375,0.000991224893369,0.133395537734,0.00381385209039,0.0076151448302,0.00198266515508,0.713746964931,0.0139222042635,0.00478988233954,0.00132775132079,0.00282521452755,0.00189400988165,0.00703784218058,0.00937633309513,0.00808181334287,0.0757199898362,0.00315035972744,0.00238316087052,0.00182917772327,

Rainbow-Tools/flash3.jpg,0.0278682038188,0.0468760766089,0.0211735479534,0.171451434493,0.0086189173162,0.196783423424,0.0239195693284,0.0627087131143,0.0711501985788,0.0169427730143,0.0109077617526,0.0105213206261,0.073139205575,0.0367934517562,0.0928465723991,0.0290126018226,0.0508059822023,0.0187058467418,0.0173360258341,0.0124383214861,

Rainbow-Tools/flash4.jpg,0.0426152125001,0.0254135429859,0.00973867624998,0.128564044833,0.0185745544732,0.0689466893673,0.0157581456006,0.129089206457,0.0185984447598,0.0198093671352,0.0604542978108,0.0288352891803,0.0355866365135,0.062241550535,0.18027536571,0.0154263433069,0.0391995944083,0.0359739512205,0.0539112463593,0.0109878545627,

Rainbow-Tools/flash5.jpg,0.00350554403849,0.00235063419677,0.00246148277074,0.874029040337,0.00333462539129,0.00405234470963,0.00518351001665,0.0148438196629,0.00983355287462,0.00414670677856,0.00384814688005,0.00152585050091,0.00378915201873,0.00409939698875,0.012484844774,0.00285789230838,0.0378062985837,0.00626817531884,0.00124160072301,0.00233730021864,

Rainbow-Tools/hammer1.jpg,0.395855724812,0.00604478875175,0.00260480470024,0.0503390021622,0.00254832673818,0.00571854040027,0.204433530569,0.00995393749326,0.0126307187602,0.00368995871395,0.00109981722198,0.00253499904647,0.00153311074246,0.00310473004356,0.0679425597191,0.00777495093644,0.0730272829533,0.00204485934228,0.145093679428,0.00202469457872,

Rainbow-Tools/hammer2.jpg,0.1360270679,0.0107763987035,0.0051300781779,0.106993570924,0.011630945839,0.140844270587,0.0181585159153,0.200875014067,0.0233486667275,0.00983881019056,0.0545278675854,0.013928909786,0.0434220246971,0.0601586699486,0.00268237083219,0.00531580206007,0.0993950590491,0.0442258194089,0.0105555169284,0.00216453033499,

Rainbow-Tools/hammer3.jpg,0.336971461773,0.00433465884998,0.000586527923588,0.0248440019786,0.0016962508671,0.00225908518769,0.548993647099,0.01702410914,0.0100038778037,0.00147706863936,0.00768158584833,0.00263223424554,0.00194293051027,0.000974560447503,0.00251006265171,0.00220546405762,0.0123275639489,0.00686253793538,0.0130536518991,0.00161870580632,

Rainbow-Tools/hammer4.jpg,0.0225610043854,0.0373925864697,0.0157642867416,0.0750410407782,0.0232749860734,0.0431479178369,0.0225874371827,0.055936422199,0.0570770427585,0.0502097085118,0.0226397048682,0.0148175191134,0.0238553788513,0.0724289789796,0.0323009490967,0.0383638292551,0.319143563509,0.0135488985106,0.0383632443845,0.0215455442667,

Rainbow-Tools/hammer5.jpg,0.0557320788503,0.0149705074728,0.00478270603344,0.0458265244961,0.0062860888429,0.0193035472184,0.228398531675,0.269036591053,0.0203470773995,0.00414256006479,0.0232381764799,0.0164466928691,0.0133636463434,0.0269672684371,0.0312790125608,0.00444051995873,0.0747385397553,0.0115188788623,0.124360002577,0.00482109282166,

Rainbow-Tools/plier1.jpg,0.018128439784,0.0632617995143,0.0120593160391,0.0482610426843,0.0107587520033,0.136135682464,0.0101054254919,0.029949137941,0.0909701511264,0.0778048262,0.0138366566971,0.032885402441,0.043586153537,0.0983209982514,0.0101096741855,0.0240156576037,0.167544305325,0.0450091995299,0.00283592566848,0.064421467483,

Rainbow-Tools/plier2.jpg,0.0184762999415,0.00504011660814,0.00613176822662,0.0414094179869,0.00465018348768,0.0129803717136,0.0167799219489,0.288750916719,0.00842492282391,0.00876213330775,0.312808334827,0.00884375441819,0.00839357823133,0.166581824422,0.0234790798277,0.00595956854522,0.0129243396223,0.0112251397222,0.0331389717758,0.00523931765929,

Rainbow-Tools/plier3.jpg,0.0429682433605,0.0400519818068,0.0111829033121,0.0674295574427,0.0109699862078,0.25964602828,0.0259711761028,0.0644318535924,0.0229854695499,0.0560476519167,0.0194310061634,0.01055855304,0.0329479128122,0.116394728422,0.0111806578934,0.0455913953483,0.0833863839507,0.0516922548413,0.0181916300207,0.00894055981189,

Rainbow-Tools/plier4.jpg,0.0221595652401,0.0193686913699,0.0103789363056,0.123901031911,0.00703309709206,0.0851599574089,0.0380625165999,0.136182680726,0.0695251151919,0.0266461968422,0.0700861737132,0.0053658853285,0.0223150383681,0.0931016132236,0.0434651002288,0.0200675968081,0.123156316578,0.0562347471714,0.0176587086171,0.0101310089231,

Rainbow-Tools/plier5.jpg,0.020756745711,0.0134721007198,0.00258175190538,0.0096882507205,0.00440339185297,0.051405146718,0.00570390420035,0.174805700779,0.00826347339898,0.00889542885125,0.350369662046,0.00440074084327,0.0067685120739,0.214546084404,0.00873131863773,0.00345383188687,0.0159798488021,0.0223856624216,0.0720902755857,0.0012980774045,

Rainbow-Tools/saw1.jpg,0.0667119398713,0.063490062952,0.0121590523049,0.0812035799026,0.00598977040499,0.126920208335,0.0531103536487,0.238436639309,0.030878579244,0.0204974170774,0.00877615343779,0.00723866326734,0.0568181909621,0.0519623160362,0.00977416243404,0.0193774290383,0.105635717511,0.0231284853071,0.0111930062994,0.00669825496152,

Rainbow-Tools/saw2.jpg,0.0302043557167,0.03378777951,0.0152446683496,0.0453317947686,0.00789224170148,0.378233075142,0.0183812901378,0.140314370394,0.0165122803301,0.0596039183438,0.0106738964096,0.0073280185461,0.0207250528038,0.0850094631314,0.00704160612077,0.0248470585793,0.0534695461392,0.0215060506016,0.0196913741529,0.0042021186091,

Rainbow-Tools/saw3.jpg,0.0231901016086,0.0171969365329,0.0425588563085,0.0864011347294,0.0124255549163,0.03778526932,0.0126619422808,0.24402885139,0.136335790157,0.0434670075774,0.0203428510576,0.0320631302893,0.0271881762892,0.0361112840474,0.00973331276327,0.0224079042673,0.125063374639,0.0385330207646,0.00851698033512,0.0239885449409,

Rainbow-Tools/saw4.jpg,0.0688341036439,0.0425810553133,0.00673530902714,0.0491676032543,0.00861015450209,0.10314770788,0.0354229547083,0.225793167949,0.0730830356479,0.0295119080693,0.0186927411705,0.00592979136854,0.0192176792771,0.0843985974789,0.0157033093274,0.0262577850372,0.109338417649,0.0578402392566,0.0123816151172,0.00735284294933,

Rainbow-Tools/saw5.jpg,0.0136641561985,0.00380965601653,0.00795259606093,0.0770203843713,0.00649441638961,0.0182844176888,0.00776272034273,0.633885741234,0.0288725998253,0.014913354069,0.00227956962772,0.0115308072418,0.00939186569303,0.0118958400562,0.0048962761648,0.0102673126385,0.0979960039258,0.013601523824,0.0085355034098,0.0169453211129,

Rainbow-Tools/scissor1.jpg,0.0234333928674,0.0252536945045,0.0112836705521,0.0564872846007,0.00691010709852,0.505697488785,0.0115461032838,0.03340222314,0.0448117665946,0.013636501506,0.0130913220346,0.00667346874252,0.0291648432612,0.112389571965,0.0215421132743,0.0126925380901,0.0371032804251,0.0176172275096,0.00658151740208,0.010681912303,

Rainbow-Tools/scissor2.jpg,0.00851096399128,0.028449088335,0.0135787799954,0.0317873582244,0.00535073969513,0.149752378464,0.00949700735509,0.0251188818365,0.0347024425864,0.0101772835478,0.0188371185213,0.0122378924862,0.05487049371,0.514824509621,0.010234109126,0.00647160550579,0.0188250131905,0.0178423374891,0.0193969607353,0.00953503698111,

Rainbow-Tools/scissor3.jpg,0.0419062525034,0.0366694927216,0.00905996933579,0.0485985055566,0.0123666804284,0.0746212601662,0.0143928844482,0.143191382289,0.0287190005183,0.0209726467729,0.0209273286164,0.0274032913148,0.0240366943181,0.41998180747,0.00665057078004,0.00562105467543,0.0228537023067,0.0307618472725,0.00815712381154,0.00310856639408,

Rainbow-Tools/scissor4.jpg,0.00405247649178,0.0416260138154,0.0140615152195,0.0141968159005,0.00508132996038,0.0285603720695,0.00281181070022,0.0669612362981,0.0249466150999,0.00606869067997,0.00563350878656,0.0148260965943,0.0393265709281,0.671253323555,0.00624303892255,0.00524035701528,0.0189422480762,0.00838231202215,0.0118595892563,0.00992606393993,

Rainbow-Tools/scissor5.jpg,0.026266861707,0.0156011143699,0.00690004928038,0.0922614037991,0.00446057366207,0.0851835459471,0.0174304582179,0.194436401129,0.0252137705684,0.00928108487278,0.0600268356502,0.00661721127108,0.0184180699289,0.311695069075,0.00616809632629,0.0193465277553,0.0356465876102,0.015078435652,0.0436096042395,0.00635826960206,

Rainbow-Tools/screw1.jpg,0.00294329808094,0.00371120823547,0.000634654657915,0.213829934597,0.000954390969127,0.0170296896249,0.00343145383522,0.0144084384665,0.00227439473383,0.00121959962416,0.00430646492168,0.0013194475323,0.00271358992904,0.00133084715344,0.681134879589,0.0263575110584,0.0111800692976,0.00545909116045,0.00241669639945,0.00334438239224,

Rainbow-Tools/screw2.jpg,0.0213871952146,0.0167438015342,0.0105199432001,0.137937396765,0.0113856699318,0.0915964841843,0.0120131615549,0.0499630905688,0.0413775481284,0.0157736949623,0.0133005371317,0.0167477298528,0.023463414982,0.0556263029575,0.353744536638,0.0106502445415,0.0324856713414,0.0193794555962,0.0611133985221,0.00479073869064,

Rainbow-Tools/screw3.jpg,0.0222104210407,0.017604155466,0.0103539237753,0.0852574333549,0.00564865814522,0.0663416609168,0.01537558157,0.137625545263,0.0195892136544,0.00975428149104,0.0125114377588,0.00925488397479,0.0205899700522,0.169206961989,0.220692306757,0.0164793506265,0.0315487533808,0.0176990795881,0.106901332736,0.00535511085764,

Rainbow-Tools/screw4.jpg,0.0104247713462,0.0320241898298,0.0173236094415,0.0722416117787,0.0150651363656,0.159041956067,0.0261575188488,0.0606889389455,0.142238333821,0.0298869330436,0.0124807078391,0.030610864982,0.0383545234799,0.137747168541,0.0377571508288,0.0185082685202,0.0903200730681,0.0153409745544,0.0434400588274,0.0103472061455,

Rainbow-Tools/screw5.jpg,0.00619086250663,0.0649057179689,0.00631038984284,0.0525854416192,0.0051392223686,0.0131680080667,0.0198474917561,0.034990850836,0.0417099036276,0.00289540668018,0.011735888198,0.0100883673877,0.0351998321712,0.0737260133028,0.537700653076,0.00548316817731,0.0215652622283,0.00554165430367,0.0438158921897,0.00739997951314,

Rainbow-Tools/shovel1.jpg,0.0515414215624,0.0242245681584,0.0063312780112,0.170316144824,0.0326431058347,0.148866042495,0.0180888772011,0.13931439817,0.0871909856796,0.012398801744,0.00744655914605,0.0686660781503,0.0681672245264,0.0223956052214,0.0141448266804,0.0209300164133,0.0518617518246,0.0304465126246,0.00670432625338,0.0183215569705,

Rainbow-Tools/shovel2.jpg,0.0401438698173,0.0305192694068,0.0188090726733,0.123517245054,0.00824134517461,0.164471805096,0.0287051890045,0.139206200838,0.0334931388497,0.0159097835422,0.00493373163044,0.00611558230594,0.0221111197025,0.0697802454233,0.0310782957822,0.131620004773,0.0549730919302,0.0225832797587,0.0426273271441,0.0111604370177,

Rainbow-Tools/shovel3.jpg,0.0140749588609,0.0617331974208,0.00825108401477,0.0829928591847,0.0265713110566,0.0157147496939,0.0221306104213,0.0483914650977,0.046964943409,0.0125505011529,0.0159465316683,0.0164573267102,0.00890691205859,0.0117752291262,0.0411336943507,0.352269172668,0.0837759301066,0.0495023876429,0.0696823969483,0.0111747384071,

Rainbow-Tools/shovel4.jpg,0.00893523078412,0.0159560143948,0.0107963951305,0.0754572451115,0.0059734811075,0.0459402315319,0.0159217379987,0.310474395752,0.0127255162224,0.00499514304101,0.0175442285836,0.00306983990595,0.0117268897593,0.114425376058,0.0321789011359,0.214347288013,0.048221744597,0.0087876804173,0.0388473272324,0.00367540004663,

Rainbow-Tools/shovel5.jpg,0.00265024066903,0.00921030342579,0.00374770350754,0.00793183408678,0.00528303068131,0.00937469769269,0.00604175636545,0.0265656467527,0.0105084795505,0.00865552294999,0.0420364663005,0.00298349512741,0.0055988971144,0.520330548286,0.00468412926421,0.255016475916,0.0306676514447,0.0124721899629,0.0325174480677,0.00372351729311,

Rainbow-Tools/tape1.jpg,0.00503078754991,0.0120992250741,0.00303765293211,0.0172551441938,0.00277283834293,0.00574543280527,0.00727673573419,0.0257248580456,0.0146966837347,0.00763499503955,0.0125184291974,0.00193070701789,0.0089088473469,0.00949485693127,0.0056465594098,0.004578509368,0.845251560211,0.00579287810251,0.00127308175433,0.00333021068946,

Rainbow-Tools/tape2.jpg,0.0239526592195,0.0221734661609,0.0444230400026,0.107903778553,0.0375999100506,0.04969509691,0.0246824324131,0.147899597883,0.0366817973554,0.0295300036669,0.00626640021801,0.0156765896827,0.0523828566074,0.0404266677797,0.0342012606561,0.020536346361,0.244001314044,0.0184130556881,0.0260699987411,0.0174837503582,

Rainbow-Tools/tape3.jpg,0.0485822707415,0.0220719445497,0.0244776234031,0.1129386127,0.0218880958855,0.074879579246,0.0378912612796,0.113210365176,0.031208736822,0.0351425670087,0.0120943421498,0.0146977677941,0.0596592910588,0.0170361064374,0.016187177971,0.0152524616569,0.264028459787,0.0619425475597,0.00715125910938,0.00965957343578,

Rainbow-Tools/tape4.jpg,0.00906109251082,0.0292574558407,0.0129981180653,0.0355653576553,0.0135986050591,0.00824305880815,0.0133293932304,0.0197298415005,0.0819667130709,0.0109444409609,0.0480386056006,0.0235531684011,0.0417910292745,0.00788611639291,0.0221845004708,0.0110586807132,0.534702956676,0.0381972454488,0.00391774950549,0.0339758619666,

Rainbow-Tools/tape5.jpg,0.0396651029587,0.0226370319724,0.0421722978354,0.119613602757,0.0353240519762,0.0615696907043,0.0219219997525,0.0501699000597,0.0568922683597,0.0297870393842,0.0341509543359,0.0247524380684,0.0531581863761,0.0488662943244,0.0403436757624,0.0107486872002,0.237212792039,0.0299810096622,0.0162820704281,0.0247509460896,

Rainbow-Tools/wrench1.jpg,0.0105654653162,0.0180411785841,0.0128792813048,0.0172105263919,0.00858958251774,0.012601133436,0.0318305678666,0.291590571404,0.024650907144,0.00455330638215,0.0135025344789,0.0130360545591,0.0144339576364,0.0578168667853,0.0206588264555,0.0102724377066,0.0167253296822,0.00799675378948,0.404117196798,0.00892754551023,

Rainbow-Tools/wrench2.jpg,0.0966564118862,0.0183066558093,0.00450102379546,0.0306146740913,0.00692587438971,0.0403369441628,0.0827645510435,0.0846111103892,0.0206277947873,0.00738675519824,0.0121847977862,0.0033826045692,0.00719142146409,0.155886113644,0.0880993753672,0.00827426742762,0.0330585502088,0.00884663779289,0.287027299404,0.00331705575809,

Rainbow-Tools/wrench3.jpg,0.0218905545771,0.0232745688409,0.0137074887753,0.0280679315329,0.0100912153721,0.0403673872352,0.0583529546857,0.398397266865,0.0380784459412,0.0121095282957,0.00662785442546,0.00785662792623,0.0247799921781,0.0627908334136,0.0136081799865,0.00491901487112,0.0985042750835,0.0184185449034,0.113135553896,0.00502181285992,

Rainbow-Tools/wrench4.jpg,0.0327468812466,0.0204246994108,0.0104731488973,0.0347394496202,0.00714568141848,0.0296251811087,0.0307120475918,0.30336907506,0.0217643473297,0.0157539043576,0.0122698461637,0.00707630626857,0.0118181612343,0.155349642038,0.0413352549076,0.0184921808541,0.0917654782534,0.0197710152715,0.130154430866,0.00521328067407,

Rainbow-Tools/wrench5.jpg,0.00999585352838,0.00631146552041,0.0039190929383,0.0480618290603,0.00458286283538,0.0140356691554,0.0109875211492,0.0445947647095,0.01542976778,0.00644520437345,0.00393225811422,0.0100119169801,0.00339863775298,0.0492774471641,0.218613237143,0.0138725088909,0.0230648275465,0.00464528892189,0.50581997633,0.00299979490228,
