Edge-Tools/axe1.jpg,0.969655394554,0.000306135276332,0.0122356116772,5.3426669183e-05,0.0159508660436,0.000234435472521,3.90871136915e-05,0.000291547446977,6.86772618792e-05,0.00116481154691,
Edge-Tools/axe2.jpg,0.980717480183,0.000190588281839,0.0163510907441,2.24795644499e-06,4.90053134854e-05,6.78669994159e-06,5.71014197703e-06,0.000456466688775,3.00968931697e-05,0.00219053030014,
Edge-Tools/axe3.jpg,0.809921741486,0.108263723552,0.0396332927048,3.61368147423e-05,0.0315479636192,0.00126189203002,0.00227920757607,0.00535708572716,0.000764203025028,0.000934738374781,
Edge-Tools/axe4.jpg,0.956035673618,0.00235305982642,0.0191182270646,5.15894971613e-05,0.00618707807735,0.000158697541337,0.000222152695642,0.0125799207017,0.000223353141337,0.00307007390074,
Edge-Tools/axe5.jpg,0.825183689594,0.00455957464874,0.103544414043,4.97812434332e-05,0.00134582899045,4.60065020889e-05,0.000664368038997,0.0134525801986,0.000410163367633,0.0507435873151,
Edge-Tools/flash1.jpg,0.0175725966692,0.757128596306,0.0390763282776,0.00219945632853,0.0180365219712,0.00378223787993,0.1379198879,0.0127401947975,0.00604937924072,0.00549485860392,
Edge-Tools/flash2.jpg,0.0590678341687,0.575720369816,0.056930296123,0.0585843026638,0.0291668586433,0.00297315372154,0.106447637081,0.0890640541911,0.00661722337827,0.0154283102602,
Edge-Tools/flash3.jpg,0.113013669848,0.0355239473283,0.118686802685,0.00193582731299,0.531195521355,0.122205100954,0.0283818133175,0.0160102061927,0.00469852983952,0.0283486694098,
Edge-Tools/flash4.jpg,0.102567881346,0.458579868078,0.100452661514,0.00234131538309,0.113809548318,0.0154123352841,0.0825835093856,0.0599306933582,0.0328322723508,0.0314898975194,
Edge-Tools/flash5.jpg,7.94409152149e-06,0.991343855858,8.28015981824e-05,1.13430660349e-05,0.000816173327621,0.000178982823854,0.00511919800192,1.49695497385e-05,0.00241277297027,1.1891241229e-05,
Edge-Tools/hammer1.jpg,0.015762552619,0.0491705872118,0.269880473614,0.00530922599137,0.00220361934043,0.00280760973692,0.249272421002,0.0222029220313,0.0463363677263,0.337054252625,
Edge-Tools/hammer2.jpg,0.292573660612,0.367966651917,0.0264971144497,0.0506938993931,0.147973462939,0.0526873022318,0.00793001800776,0.0192903578281,0.027269423008,0.00711803790182,
Edge-Tools/hammer3.jpg,0.0624450743198,0.00300464848988,0.864067196846,7.98895198386e-05,0.0662760809064,0.000315717974445,0.000407640793128,0.000200008478714,0.000153609566041,0.00305024953559,
Edge-Tools/hammer4.jpg,0.0153348222375,0.0433438122272,0.309033632278,0.0094493413344,0.00942228082567,0.00475309649482,0.211903914809,0.038719072938,0.0365814864635,0.321458518505,
Edge-Tools/hammer5.jpg,0.146665304899,0.0284377895296,0.251079499722,0.0277378186584,0.0371891930699,0.00933098420501,0.0359712988138,0.00604553613812,0.0647950544953,0.392747491598,
Edge-Tools/plier1.jpg,0.00272773299366,0.0191242285073,0.0041667856276,0.0014358619228,0.810627520084,0.113090351224,0.00528474757448,0.00136072048917,0.0320091918111,0.0101729538292,
Edge-Tools/plier2.jpg,0.00646670535207,0.00452384678647,0.00940060522407,0.0152911292389,0.781812787056,0.113425046206,0.0037472920958,0.00208827736787,0.000458117661765,0.0627861618996,
Edge-Tools/plier3.jpg,0.445364713669,0.0364855788648,0.0682789981365,0.00280021666549,0.311860740185,0.0738252624869,0.00474604405463,0.00839895568788,0.0113893952221,0.0368500463665,
Edge-Tools/plier4.jpg,0.00451787281781,0.015858002007,0.00317455059849,0.000209198682569,0.906122922897,0.00611752830446,0.0362317971885,0.0108493706211,0.0151857770979,0.00173291529063,
Edge-Tools/plier5.jpg,0.0808326005936,0.0135060418397,0.014097395353,0.00766159873456,0.798752963543,0.0722738876939,0.00293313665316,0.00292207486928,0.000609613198321,0.00641065090895,
Edge-Tools/saw1.jpg,0.0400275141001,0.0440159738064,0.0277690049261,0.0715272277594,0.729774653912,0.0678138285875,0.00468944991007,0.00173309398815,0.00982425641268,0.00282491534017,
Edge-Tools/saw2.jpg,0.127514898777,0.00195366516709,0.0332349203527,0.134412497282,0.537948846817,0.0183713603765,0.00122415681835,0.0037067651283,0.00219229771756,0.139440640807,
Edge-Tools/saw3.jpg,0.146355271339,0.145455658436,0.170112133026,0.018207879737,0.243939235806,0.00483151338995,0.0187649112195,0.171274632215,0.0409158952534,0.0401428900659,
Edge-Tools/saw4.jpg,0.602929413319,0.0419307276607,0.0427988991141,0.00608843006194,0.0589973852038,0.00778764393181,0.0103451544419,0.0708162784576,0.018024565652,0.14028146863,
Edge-Tools/saw5.jpg,0.29282143712,0.0435049459338,0.124722898006,0.0309492312372,0.0131154218689,0.00373633555137,0.0649044588208,0.0451133809984,0.314626812935,0.066505022347,
Edge-Tools/scissor1.jpg,0.0631215423346,0.0698023065925,0.158744007349,0.0135102272034,0.0452747270465,0.403463453054,0.044490672648,0.0102621037513,0.0393754206598,0.151955619454,
Edge-Tools/scissor2.jpg,0.0117042958736,0.0473858602345,0.00445049582049,0.000166726807947,0.056840557605,0.831431269646,0.0128783304244,0.00127964816056,0.0241035241634,0.0097592426464,
Edge-Tools/scissor3.jpg,0.00260575208813,0.000147877217387,0.0015266755363,0.000381656689569,0.10002143681,0.888459384441,4.15090544266e-05,3.17488847941e-05,0.000112543901196,0.00667152367532,
Edge-Tools/scissor4.jpg,0.000849224510603,0.0064173634164,0.00168707210105,0.00272913835943,0.478759944439,0.50282227993,0.00115377013572,0.000738219183404,0.00048924429575,0.00435369554907,
Edge-Tools/scissor5.jpg,0.00480084493756,0.0065691373311,0.0126327807084,0.00108264107257,0.176873281598,0.753263473511,0.00166778778657,0.00504780653864,0.000569337804336,0.0374929644167,
Edge-Tools/screw1.jpg,0.0014771304559,0.00327030918561,0.00121154671069,0.000168232334545,0.00848027970642,0.00163911946584,0.9581990242,0.0243856757879,0.000149285289808,0.00101933127735,
Edge-Tools/screw2.jpg,0.00232191500254,0.0192006416619,0.016370523721,0.000122836601804,0.00339732528664,0.00076586479554,0.953795790672,0.0017813956365,0.00101442856248,0.00122924789321,
Edge-Tools/screw3.jpg,0.0109962355345,0.00467110052705,0.00357367959805,0.000284488371108,0.00202566827647,0.00147414021194,0.964119136333,0.00493075139821,0.00343602709472,0.00448881322518,
Edge-Tools/screw4.jpg,0.00557790696621,0.0665984377265,0.0469622015953,0.000499452755321,0.0238318648189,0.0201965048909,0.812433719635,0.00146417028736,0.00700073828921,0.0154350176454,
Edge-Tools/screw5.jpg,0.00231445906684,0.00292112794705,0.00895425211638,0.00182106986176,0.00310195120983,0.00408457126468,0.85509121418,0.0141283199191,0.00191800389439,0.105665042996,
Edge-Tools/shovel1.jpg,0.595650136471,0.00831539835781,0.281542360783,0.00286070629954,0.0674044191837,0.00311828171834,0.00525968056172,0.0172296185046,0.00155471405014,0.017064685002,
Edge-Tools/shovel2.jpg,0.0701285377145,0.0379373840988,0.0337845832109,0.00128899165429,0.0227025728673,0.0649119392037,0.072457022965,0.592906236649,0.00545760896057,0.0984250456095,
Edge-Tools/shovel3.jpg,7.51299830881e-06,1.40333440868e-05,0.00012853226508,1.36929620567e-05,2.09921399801e-05,0.000152197579155,0.000135158988996,0.999303936958,1.14960985229e-05,0.000212417668081,
Edge-Tools/shovel4.jpg,0.0110609456897,0.466620564461,0.0169150736183,0.0192253813148,0.123859256506,0.106626473367,0.0473457016051,0.153855845332,0.0460417754948,0.0084490114823,
Edge-Tools/shovel5.jpg,0.000120699078252,0.000268215051619,0.00123260018881,0.000394875998609,0.00430104648694,0.00719611113891,0.000467341509648,0.976604998112,0.00053150486201,0.00888258777559,
Edge-Tools/tape1.jpg,0.000714868365321,0.00277436315082,0.00370158930309,2.27952077694e-05,0.00134047912434,0.000987427541986,0.000423066871008,0.000677990436088,0.989242494106,0.000115018279757,
Edge-Tools/tape2.jpg,0.00533366529271,0.0278243124485,0.0167348049581,0.000656555872411,0.00433872127905,0.0505803450942,0.0125817861408,0.00317805353552,0.874728620052,0.00404317071661,
Edge-Tools/tape3.jpg,0.172641813755,0.106289498508,0.0679779499769,0.00347410049289,0.22908899188,0.053956951946,0.0139871593565,0.0189949534833,0.309168726206,0.0244198981673,
Edge-Tools/tape4.jpg,5.63552312087e-05,0.00240276381373,0.000335383432684,7.46111072658e-06,0.00144886609633,0.000405564642278,0.0040950733237,0.000235518135014,0.990826904774,0.000186097269761,
Edge-Tools/tape5.jpg,0.00883467774838,0.0141895841807,0.0236472655088,9.66487132246e-05,0.00813094899058,0.0467852987349,0.0487494021654,0.00585746997967,0.836388289928,0.00732045480981,
Edge-Tools/wrench1.jpg,0.01413101051,0.00227618939243,0.0622809752822,0.0375866815448,0.0331311225891,0.0453740023077,0.0553273372352,0.014045316726,0.00217148591764,0.733675897121,
Edge-Tools/wrench2.jpg,0.0371391586959,0.024294115603,0.0690065324306,0.00304479128681,0.0224872902036,0.00142513844185,0.0333938524127,0.00435531279072,0.000977413612418,0.803876340389,
Edge-Tools/wrench3.jpg,0.000708462146576,0.00104851508513,0.00249641994014,0.00181867810898,0.000620331265964,0.00877312850207,0.0064169424586,0.000317507219734,0.0031780092977,0.974622070789,
Edge-Tools/wrench4.jpg,0.034159000963,0.0450510047376,0.0466925241053,0.00174114271067,0.0168578382581,0.0062577361241,0.0224225912243,0.00751591054723,0.00355079956353,0.815751433372,
Edge-Tools/wrench5.jpg,0.000592246477026,0.000369578396203,0.00202067010105,0.00110886793118,0.0055548241362,0.0491079054773,0.00441110413522,0.0194478202611,0.000271692086244,0.917115330696,
