Resize/axe1.jpg,0.999838352203,3.62492272643e-07,8.5031359049e-05,2.17719801299e-07,1.58652292157e-05,6.75513490478e-07,9.39870314909e-09,5.87652357353e-05,3.53983040213e-07,4.12123057458e-07,
Resize/axe2.jpg,0.99880874157,1.00068341169e-07,0.0011817405466,9.4843830567e-09,3.94527069147e-06,9.27540977358e-09,2.47576359413e-09,5.28879400008e-06,4.23186179432e-08,2.18665888951e-07,
Resize/axe3.jpg,0.952608466148,0.000762803247198,0.0339463837445,2.12120685319e-05,0.00820070877671,0.000488729274366,3.09154020215e-05,0.00158937205561,7.98442197265e-05,0.00227152602747,
Resize/axe4.jpg,0.632130801678,0.000630314287264,0.00326266512275,7.52569030738e-05,0.17131537199,0.00111064244993,0.000666919862852,0.188815250993,0.00189456914086,9.82369456324e-05,
Resize/axe5.jpg,0.908130228519,0.00497787306085,0.00574194360524,0.00252624065615,0.0369742289186,0.000561223248951,0.0029797561001,0.035021238029,0.000970306806266,0.00211699353531,
Resize/flash1.jpg,0.00416034646332,0.69958293438,0.00790736079216,0.00248420285061,0.00110398849938,0.00311640417203,0.0149782579392,0.016093859449,0.00157125538681,0.24900148809,
Resize/flash2.jpg,0.000321378785884,0.985229432583,0.00353432726115,0.000135107009555,0.00018185681256,8.15983439679e-05,0.00827033538371,0.000854864832945,0.000876101898029,0.000514937215485,
Resize/flash3.jpg,0.000524454575498,0.0303620062768,0.00651286914945,0.000750299252104,0.0932922959328,0.728065431118,0.0765651240945,0.0110163176432,0.00932578835636,0.0435854457319,
Resize/flash4.jpg,0.483855366707,0.426880061626,0.0188321340829,6.70125882607e-05,0.00120160204824,0.00058211752912,0.00645380746573,0.0207031946629,0.00146210205276,0.0399627275765,
Resize/flash5.jpg,0.000242481561145,0.916472733021,0.00121068861336,0.00561177683994,0.0202671755105,0.00587825383991,0.0412121787667,0.00099008786492,0.00709186680615,0.00102258869447,
Resize/hammer1.jpg,0.744157791138,0.000353131064912,0.120146334171,1.81569412234e-05,0.000504702795297,0.000271732104011,0.00450148247182,0.123025767505,0.00251743756235,0.004503515549,
Resize/hammer2.jpg,0.0083736628294,0.000174801869434,0.990470767021,5.18187562193e-06,0.00045183399925,4.72950432595e-06,7.14086809239e-06,6.37401390122e-05,0.000344599771779,0.000103639002191,
Resize/hammer3.jpg,0.0197502635419,0.000109208951471,0.979378938675,1.69570250819e-06,0.000576393154915,2.35548509409e-06,1.41558821269e-05,2.84355737676e-05,0.000102441656054,3.60816666216e-05,
Resize/hammer4.jpg,0.126192465425,0.0122727928683,0.633149683475,0.000568840478081,0.00050483061932,0.000667597691063,0.0110502485186,0.172281578183,0.00450814189389,0.0388037823141,
Resize/hammer5.jpg,0.154932528734,0.000361879414413,0.83875232935,2.33991086134e-05,0.000791234895587,0.000117672083434,8.69332652655e-05,0.000488994468469,0.000244262075284,0.00420072441921,
Resize/plier1.jpg,0.000414052890847,0.000424368976383,0.00246481155045,0.00236214045435,0.975811362267,0.0111891776323,0.000161856689374,0.000171658044565,0.00421821884811,0.00278244679794,
Resize/plier2.jpg,0.0131233930588,0.0163763556629,0.0335299894214,0.016272470355,0.247763052583,0.0911666229367,0.364778488874,0.0431125424802,0.0319270007312,0.141950160265,
Resize/plier3.jpg,0.0130953555927,0.00223056063987,0.00347757339478,0.00177536113188,0.975971162319,0.00146414653864,0.000220172252739,0.000465625256766,0.0010498292977,0.00025019646273,
Resize/plier4.jpg,0.0358815602958,0.0205784011632,0.00724854320288,0.00450864061713,0.763837575912,0.0657098442316,0.0121801290661,0.0133272809908,0.00487119657919,0.0718568563461,
Resize/plier5.jpg,0.000452643609606,0.00802610814571,0.000777236244176,0.00558026274666,0.789382338524,0.167870044708,0.0126544032246,0.00143044686411,0.00264474004507,0.0111818006262,
Resize/saw1.jpg,0.0749143362045,0.0263273660094,0.0131948534399,0.000598890648689,0.797448337078,0.0522205606103,0.0250825360417,0.00273096212186,0.00124785676599,0.00623429380357,
Resize/saw2.jpg,0.0135476691648,0.0614454634488,0.00615363754332,0.0219018738717,0.0302251055837,0.293608158827,0.00297357677482,0.00784874241799,0.00674734264612,0.555548489094,
Resize/saw3.jpg,0.28548771143,0.0746904164553,0.0514710843563,0.00275429617614,0.148676678538,0.0648909434676,0.0191932879388,0.0447618961334,0.297988861799,0.0100848088041,
Resize/saw4.jpg,0.6411023736,0.0168738830835,0.00757122226059,0.0089802891016,0.214912846684,0.00121029431466,0.0144754545763,0.0647850856185,0.0293025374413,0.000786047661677,
Resize/saw5.jpg,0.00449754158035,0.0905625447631,0.308582037687,0.110368527472,0.313615709543,0.0495131351054,0.017874661833,0.00514479307458,0.0556013025343,0.0442397035658,
Resize/scissor1.jpg,0.00022631707543,0.000393601105316,0.000296620448353,0.000692068017088,0.0233184844255,0.961659610271,0.00938049703836,0.00126805657055,0.000121183176816,0.00264353118837,
Resize/scissor2.jpg,6.07175970799e-05,0.000800577108748,0.000183827680303,0.000102685306047,0.015599870123,0.963742792606,0.0115121267736,0.000605782377534,0.000198702386115,0.0071929320693,
Resize/scissor3.jpg,0.000106520827103,0.00137960375287,0.000435757247033,0.000142426608363,0.00480630481616,0.990981996059,3.35575423378e-05,9.09162772587e-05,0.000493510742672,0.00152940314729,
Resize/scissor4.jpg,0.000689479289576,0.00319728022441,0.0029125509318,0.000511467223987,0.0167809017003,0.953883707523,0.01694672741,0.00107574171852,0.000948868109845,0.00305330962874,
Resize/scissor5.jpg,0.00670348713174,0.00117327168118,0.0029092845507,0.000248603406362,0.00103029585443,0.779298901558,0.0028077790048,0.18870408833,0.00107594428118,0.0160483662039,
Resize/screw1.jpg,0.00107774382923,0.0219556745142,0.00366555945948,0.000894137832802,0.00423944741488,0.00328876893036,0.885554134846,0.050194054842,0.00608890457079,0.0230415593833,
Resize/screw2.jpg,0.00344672542997,0.0144736217335,0.0206198673695,0.000327146583004,0.00626448495314,0.00963284820318,0.911664605141,0.0164417698979,0.00149180332664,0.0156370736659,
Resize/screw3.jpg,0.00268152123317,0.00133835629094,0.000902263447642,3.13616546919e-05,0.00105067167897,0.000859091000166,0.952969789505,0.0370502062142,0.00173808389809,0.00137867964804,
Resize/screw4.jpg,0.000235949351918,0.00407795282081,0.00167529168539,3.47996065102e-05,0.000114668917377,0.00016066916578,0.991412997246,0.0010313418461,0.000426434940891,0.000829842989333,
Resize/screw5.jpg,0.000312849908369,0.00156392890494,0.000295548263239,1.80328752322e-05,4.67462486995e-05,0.00010777235002,0.987966120243,0.00781456846744,0.00129840360023,0.00057615240803,
Resize/shovel1.jpg,0.0978143960238,0.00609947694466,0.104518398643,0.00139714579564,0.00479676388204,0.00313687277958,0.0228357110173,0.735680937767,0.00990693643689,0.0138132739812,
Resize/shovel2.jpg,0.0161516405642,0.000759373418987,0.00046916177962,0.000144901438034,9.58897071541e-05,0.00295271258801,0.000476257904666,0.973750591278,0.000291797827231,0.00490765692666,
Resize/shovel3.jpg,0.000622559455223,0.00658327201381,0.000683847931214,7.40725154174e-05,3.57338649337e-05,0.000119057905977,0.0112932668999,0.979538977146,0.000364328298019,0.000684858241584,
Resize/shovel4.jpg,0.00145606906153,6.28790949122e-05,7.54296843297e-06,1.0227167877e-05,6.99029078532e-06,6.18569683866e-05,1.06797835997e-06,0.998350977898,3.10710856866e-05,1.12641419037e-05,
Resize/shovel5.jpg,0.000537088140845,0.00379916233942,0.00340703502297,0.000144033838296,0.00223282468505,0.00339865451679,0.019608322531,0.954763352871,0.00388760329224,0.0082220621407,
Resize/tape1.jpg,6.36554614175e-05,0.0013351686066,0.00100547890179,5.91297175561e-05,9.06428685994e-05,0.000107748914161,0.000195654589334,6.41094593448e-05,0.997031807899,4.66070086986e-05,
Resize/tape2.jpg,0.00172811397351,0.000371373869712,0.00228184927255,5.6351411331e-05,0.000509893812705,0.00036532417289,0.00019231614715,0.000351787602995,0.993902564049,0.000240360343014,
Resize/tape3.jpg,0.0496744252741,0.0123343300074,0.020071445033,0.00334459147416,0.125393554568,0.200611904263,0.038224466145,0.258631616831,0.143609344959,0.14810436964,
Resize/tape4.jpg,0.0015065104235,0.0706920400262,0.021101558581,0.00037518737372,0.00164143578149,0.00944010633975,0.0116389570758,0.00232434179634,0.879203796387,0.0020760728512,
Resize/tape5.jpg,0.0466720759869,0.0194467771798,0.0407411754131,0.000424590107286,0.0139728505164,0.152476251125,0.0353851690888,0.0306839402765,0.642260611057,0.0179366227239,
Resize/wrench1.jpg,0.0323947407305,0.014309306629,0.1196879372,0.000837443687487,0.0134594663978,0.0100576942787,0.0297254659235,0.105450756848,0.00389756239019,0.670179605484,
Resize/wrench2.jpg,0.0183779746294,0.0154854971915,0.0150096770376,0.000735796929803,0.00297377444804,0.0522616356611,0.127059966326,0.187431231141,0.00641471566632,0.574249684811,
Resize/wrench3.jpg,0.0106378505006,0.019529202953,0.00954349525273,0.00442634616047,0.000282261782559,0.0165581982583,0.00868034455925,0.0106184147298,0.00378906726837,0.915934860706,
Resize/wrench4.jpg,0.0134385544807,0.00659188581631,0.00422462215647,6.21623330517e-05,0.000235947780311,0.000383808132028,0.0171900410205,0.00849827285856,0.00110005983151,0.948274731636,
Resize/wrench5.jpg,0.0454264320433,0.0371820516884,0.020239142701,0.00062508956762,0.000288805225864,0.00158128887415,0.0190911963582,0.0234968941659,0.0011599813588,0.850909054279,
